Winner: à½Ÿ
Board:
   0 1 2 | 3 4 5 | 6 7 8 
  ---------------------
0 |0 0 -33686019 | 0 -217221994 -2147469312 | 0 0 0 
1 |0 0 0 | 0 0 0 | 0 0 0 
2 |0 0 0 | 0 0 0 | -214797167 -2147469056 0 
  ---------------------
3 |0 0 0 | 0 0 0 | 0 0 0 
4 |0 0 0 | 0 0 0 | 0 0 -214469476 
5 |-2147468800 0 0 | 0 0 0 | 0 0 0 
  ---------------------
6 |0 0 0 | 0 0 0 | 0 0 0 
7 |0 -214141817 -2147468544 | 0 0 0 | 0 0 0 
8 |0 0 0 | 0 0 0 | 0 0 0 

Winner: Romina
Board:
   0 1 2 | 3 4 5 | 6 7 8 
  ---------------------
0 |196612 131078 65541 | 589832 65543 589831 | 524292 131075 393221 
1 |524293 589826 458758 | 196609 131076 327684 | 589825 458758 196616 
2 |589832 327683 262151 | 65542 458754 65542 | 131075 589832 327684 
  ---------------------
3 |327683 458760 131073 | 393220 393225 262146 | 196616 327689 65543 
4 |65545 393223 327684 | 131075 -842203128 -842150451 | -1615025008 519 -33686019 
5 |0 0 0 | 1618441525 268485152 -1615026816 | 519 -1615035136 519 
  ---------------------
6 |-1615035024 519 -1615056528 | 519 -1615034992 519 | 1618375988 49715 -1615026848 
7 |519 -1615068848 519 | 0 0 1618441525 | 268485170 -1615035280 519 
8 |-1615034672 519 -1615035264 | 519 -1615036192 519 | 0 0 1702327600 

